params: [0.6719071269035339, 0.21203391253948212, 1.3443968296051025, 1.803242802619934, 0.6868019700050354, 1.802001714706421, 1.9663320779800415, 0.04999999999999993, 0.5249999999999999, 8.775, -4.900000000000002, 0.34999999999999987, 1.35, 1.825, 3.3999999999999995]
params:[0.04542069509625435, -1.2575072050094604, 0.7897204160690308, 0.9140697717666626, -1.0854783058166504, 0.4037662744522095, 0.757794976234436, 0.5749999999999998, -1.6500000000000006, 15.450000000000001, 6.475000000000001, -2.1750000000000007, -1.775, -3.1750000000000007, -46.15000000000001] 